37 815 93 0 0 44 11 0
84 387 13 0 0 436 80 1
56 57 48 7 1 466 354 11
4 193 32 10 0 211 545 4
1 205 30 13 0 218 524 9
10 19 134 22 1 179 614 21
1 5 12 128 0 183 612 59
1 2 9 167 0 51 751 20
0 25 13 57 1 239 151 514
0 3 1 39 1 312 93 550
0 2 0 0 993 6 0 0
0 0 0 0 999 0 0 1
0 3 0 1 905 44 1 47
0 36 1 1 45 646 4 266
0 4 0 0 0 987 5 4
0 4 0 0 0 982 5 8
0 4 0 0 0 986 3 7
0 1 0 3 0 332 660 5
0 1 0 5 0 148 843 3
0 15 1 5 0 267 707 4
0 24 0 0 2 235 0 738
0 1 0 0 0 305 2 691
0 0 0 0 0 0 0 1000
3 253 10 0 8 215 510 0
4 176 8 0 3 338 471 0
0 5 1 0 0 403 591 0
3 15 564 0 0 5 412 0
2 7 323 0 0 5 664 0
3 12 364 0 0 8 613 0
1 3 400 0 0 3 593 0
0 1 4 43 0 192 718 42
0 2 3 4 0 284 702 4
0 2 1 5 0 481 504 8
0 0 0 0 999 0 1 0
0 0 0 0 998 0 2 0
0 0 0 0 998 0 2 0
0 0 0 0 0 977 18 5
0 0 0 0 0 972 27 1
0 2 0 1 0 935 50 13
0 2 1 0 0 70 926 0
0 1 1 0 0 12 986 0
0 1 1 0 0 23 976 0
0 0 3 4 0 57 6 929
0 0 0 0 0 1 0 999
0 0 0 0 0 5 0 995
0 0 0 0 0 956 40 3
0 0 0 0 0 983 17 0
0 0 0 0 0 984 16 0
26 6 43 7 0 461 437 19
116 21 184 9 0 279 344 47
1 5 32 31 2 341 514 75
0 1 11 116 0 107 665 101
1 4 28 63 0 165 675 63
0 0 0 0 1000 0 0 0
0 0 0 0 1000 0 0 0
0 0 0 0 1000 0 0 0
0 0 0 0 1000 0 0 0
0 0 0 0 0 970 26 3
0 0 0 0 0 985 13 2
0 0 0 0 0 992 7 1
0 1 0 0 0 775 223 1
0 11 0 0 0 613 373 2
0 4 0 1 0 284 710 1
0 9 3 2 0 311 673 2
0 0 0 0 0 0 0 1000
0 0 0 0 0 0 0 1000
0 0 0 0 0 0 0 1000
2 6 1 0 0 847 143 1
5 15 1 0 0 714 263 0
3 27 1 0 0 848 118 1
0 0 0 0 0 995 4 1
0 0 0 0 0 998 1 0
0 0 0 0 0 997 2 0
0 0 0 0 0 994 2 3
0 0 0 0 0 996 1 2
0 1 0 0 0 993 2 3
0 4 0 0 654 341 0 1
0 0 0 0 997 3 0 0
0 0 0 0 0 999 0 0
0 0 0 0 0 999 1 0
0 0 0 0 0 1000 0 0
0 0 0 1 0 594 404 1
0 1 0 1 0 553 445 1
0 2 0 0 748 249 0 1
0 0 0 0 0 963 7 29
0 0 0 0 0 919 5 75
0 0 0 0 0 877 1 121
14 5 11 8 486 402 51 22
12 26 18 18 21 526 369 10
7 5 2 0 3 950 32 2
8 19 51 17 12 135 750 8
0 3 2 90 92 83 692 38
0 7 1 0 686 294 11 1
0 0 1 587 1 3 322 87
0 0 3 775 4 1 55 161
0 0 0 4 182 2 810 2
0 0 0 0 1000 0 0 0
0 0 0 0 1000 0 0 0
0 0 0 0 1000 0 0 0
0 0 0 0 2 998 0 0
0 0 0 0 14 986 0 0
0 0 0 0 2 997 0 0
0 37 2 0 240 565 156 0
0 2 1 0 5 252 740 0
0 2 2 0 1 197 798 0
0 0 0 0 0 0 0 1000
0 0 0 0 0 0 0 1000
0 0 0 2 0 0 0 998
7 22 1 0 1 873 95 1
1 0 0 0 0 995 3 0
4 3 0 0 0 979 13 1
1 10 1 0 0 520 466 1
10 81 13 0 0 394 500 0
6 44 5 0 0 680 263 0
1 4 0 10 1 831 17 135
0 2 0 2 0 932 47 16
0 1 0 0 1 995 2 1
0 0 0 0 1000 0 0 0
0 0 0 0 1000 0 0 0
0 0 0 0 1000 0 0 0
0 0 0 0 0 1000 0 0
0 1 0 0 1 998 0 0
0 0 0 0 0 999 0 0
1 20 4 2 0 373 595 5
0 6 0 0 0 594 399 0
0 10 0 0 0 590 398 1
0 0 0 0 999 0 0 1
0 2 0 0 486 190 0 321
4 2 0 6 0 395 2 590
0 2 0 0 3 993 3 0
0 1 0 0 0 993 6 0
0 1 0 0 0 982 16 0
0 4 0 0 8 976 5 7
0 3 0 0 28 957 2 9
0 1 1 146 0 358 373 121
0 1 1 52 0 519 350 76
0 0 0 29 0 769 79 122
0 26 0 0 459 512 1 1
0 11 0 0 411 575 0 2
0 5 0 0 226 766 1 1
0 1 0 0 6 970 3 21
0 2 0 0 44 916 1 35
0 2 0 0 7 967 4 19
0 1 0 1 0 823 150 25
0 1 0 1 0 718 273 7
0 1 0 33 1 600 285 79
0 0 0 2 0 28 1 969
0 0 0 5 0 58 1 935
0 0 0 0 2 38 0 960
1 4 1 1 0 886 102 4
5 7 4 5 0 654 310 14
3 10 3 1 2 901 70 10
91 34 94 6 26 172 574 2
35 22 63 15 15 144 701 6
4 3 15 7 5 68 895 3
1 1 11 23 22 109 813 19
2 1 10 10 10 33 932 3
0 0 6 11 17 17 943 5
0 1 0 0 739 259 1 0
0 0 0 0 1000 0 0 0
0 0 0 0 993 7 0 0
0 3 0 0 4 968 16 7
0 2 0 0 2 980 9 7
0 1 0 0 2 987 8 2
0 3 0 1 3 880 106 7
0 4 2 2 1 598 388 5
0 3 1 2 1 699 291 4
1 6 11 138 2 175 78 589
0 1 2 19 2 224 20 730
3 8 14 74 8 230 54 608
0 3 0 0 0 784 213 0
0 4 0 0 0 955 41 0
0 7 0 0 0 541 451 0
0 2 0 1 0 846 147 3
0 1 0 1 0 288 709 0
0 5 1 1 0 424 569 1
0 1 0 3 0 867 120 8
0 1 0 1 0 878 117 4
0 1 0 6 0 723 235 35
0 2 0 0 34 960 4 0
0 2 0 0 73 923 2 0
0 15 0 0 494 463 27 0
0 1 0 0 0 965 34 1
0 0 0 0 0 905 95 0
0 0 0 0 0 902 97 0
0 6 0 0 0 315 679 0
0 9 0 0 0 275 715 0
0 3 0 0 0 489 508 0
0 1 0 10 0 775 110 104
0 0 0 2 0 829 71 98
0 1 0 2 0 688 12 297
21 7 1 1 0 658 308 5
1 74 0 0 108 813 4 0
10 2 0 1 0 795 191 1
0 0 0 0 0 0 1000 0
1 1 8 0 0 15 975 0
0 0 2 5 0 6 987 0
0 1 3 333 0 10 627 26
1 3 7 504 2 31 259 193
0 1 2 167 0 132 564 134
0 2 4 553 0 20 96 325
0 0 0 0 968 31 1 0
0 0 0 0 1000 0 0 0
0 0 0 0 1000 0 0 0
0 6 0 0 1 981 12 0
0 2 0 0 0 990 8 0
0 2 0 0 1 989 8 0
0 2 0 0 0 374 623 0
0 14 1 0 47 578 360 0
1 15 2 0 3 464 515 0
0 0 0 0 0 0 0 1000
0 2 0 0 475 93 0 429
0 0 0 0 0 0 0 1000
0 0 0 0 0 0 0 1000
0 0 0 0 0 0 0 1000
0 0 0 0 0 0 0 1000
0 0 0 0 0 0 0 1000
0 0 0 0 0 0 0 1000
0 0 0 0 0 0 0 1000
3 7 1 1 1 965 20 3
3 7 1 1 1 965 20 3
0 0 0 0 1000 0 0 0
6 0 0 1 0 966 1 25
36 4 4 1 0 943 10 4
0 1 0 0 0 998 1 0
8 4 0 1 2 975 5 5
1 139 27 1 0 9 822 0
0 4 0 0 10 980 5 0
1 1 2 25 156 34 5 777
0 6 0 0 939 56 0 0
0 1 0 0 4 995 0 0
3 2 1 0 2 989 1 2
0 0 0 0 1000 0 0 0
0 0 0 0 9 991 0 0
0 1 0 0 151 848 0 0
0 1 0 0 151 848 0 0
0 0 0 0 359 640 0 0
0 1 0 0 38 961 0 0
1 3 2 0 0 971 22 1
0 0 0 0 0 13 0 987
0 0 0 0 875 125 0 0
0 2 0 0 3 992 2 1
0 0 0 0 1000 0 0 0
0 2 0 0 27 970 0 0
0 3 0 0 70 926 0 0
0 3 0 0 70 926 0 0
0 2 0 0 114 880 2 1
7 22 14 0 483 468 6 1
0 4 1 0 11 952 31 1
0 0 0 0 0 0 0 1000
0 630 1 0 365 4 0 0
0 0 0 0 1 999 0 0
1 4 0 0 3 991 0 1
0 1 0 0 954 44 0 0
0 0 0 0 0 1000 0 0
0 1 0 0 1 996 1 1
0 3 0 0 6 990 0 0
0 0 0 0 0 997 3 0
0 3 0 0 6 990 0 0
0 3 0 0 1 989 6 1
0 0 0 0 0 11 0 988
0 493 6 0 212 284 4 0
0 2 4 0 15 955 4 19
0 1 1 0 0 954 3 41
0 0 0 0 1000 0 0 0
0 2 0 0 8 982 7 1
1 2 16 0 0 930 38 13
1 2 11 0 0 933 42 11
7 2 9 0 2 947 24 9
1 24 35 0 0 495 443 1
2 4 15 2 0 847 95 35
2 3 18 10 0 667 41 259
3 4 16 0 1 925 28 23
0 0 0 0 575 425 0 0
0 0 0 0 964 36 0 0
0 0 0 0 1000 0 0 0
0 0 0 0 145 854 0 0
0 0 0 0 947 52 0 0
0 0 0 0 947 52 0 0
0 1 0 0 883 116 0 0
0 0 0 0 988 12 0 0
0 2 0 0 493 505 0 0
0 0 0 0 534 1 0 465
0 0 0 0 1000 0 0 0
0 0 0 0 0 999 1 0
0 3 0 0 86 911 0 0
0 0 0 0 1000 0 0 0
0 0 0 0 0 997 3 0
0 18 0 0 104 877 1 0
0 18 0 0 104 877 1 0
0 3 0 0 0 995 2 0
0 56 0 0 439 505 0 0
0 13 0 0 124 853 10 0
0 0 0 2 0 185 0 812
0 181 0 0 135 682 1 0
0 4 0 0 13 955 3 25
1 22 1 0 64 910 3 0
0 0 0 0 1000 0 0 0
0 20 0 0 329 647 4 0
0 1 0 0 1 997 0 0
1 22 1 0 64 910 3 0
3 306 2 0 98 583 4 4
6 34 8 25 4 772 87 64
1 14 1 0 2 958 22 2
0 0 0 1 0 0 0 999
3 597 21 0 5 356 19 0
0 0 0 0 0 1000 0 0
0 1 0 0 4 995 0 0
0 0 0 0 1000 0 0 0
0 6 0 0 36 957 0 0
0 0 0 0 0 1000 0 0
0 0 0 0 0 1000 0 0
0 2 0 0 11 987 0 0
181 9 1 0 0 804 5 0
0 1 0 0 0 961 39 0
0 0 0 0 0 3 0 997
1 11 0 0 33 946 8 1
0 0 0 0 0 999 0 0
1 2 0 0 0 983 5 9
0 0 0 0 1000 0 0 0
0 1 0 0 0 995 4 0
1 12 0 0 0 965 22 0
0 7 0 0 0 981 12 0
5 26 4 1 1 857 104 3
0 150 8 0 0 19 822 0
1 8 0 0 0 937 54 0
0 0 0 0 0 0 0 1000
2 202 10 1 6 556 222 2
0 1 0 0 1 997 0 0
1 2 0 0 0 995 1 0
0 0 0 0 1000 0 0 0
1 1 0 0 1 995 1 0
0 1 0 0 1 997 0 0
0 0 0 0 0 999 0 0
2 3 0 0 0 977 16 1
158 131 17 1 0 518 172 3
0 5 0 0 6 963 27 0
0 0 0 0 0 4 0 995
1 2 0 0 0 996 1 0
0 5 0 0 6 973 1 15
0 2 0 0 0 993 4 1
0 0 0 0 1000 0 0 0
0 4 0 0 21 962 4 7
0 4 0 0 121 875 0 0
0 4 0 0 121 875 0 0
1 24 1 0 4 953 14 3
12 110 244 0 0 6 628 0
0 6 0 0 22 960 11 0
0 0 0 0 0 0 0 999
0 920 24 0 55 0 0 0
0 1 0 0 2 992 1 3
0 2 0 0 1 995 1 1
0 0 0 0 1000 0 0 0
0 1 0 0 1 998 0 0
0 0 0 0 0 999 1 0
2 4 1 0 1 982 7 3
0 3 0 0 1 995 1 0
2 16 3 0 444 519 13 2
0 2 0 0 7 976 12 4
19 0 0 30 4 1 0 947
1 4 0 0 11 980 2 2
0 1 0 0 33 966 0 0
0 2 0 0 9 988 0 0
0 0 0 0 1000 0 0 0
0 1 0 0 6 993 0 0
0 9 0 0 585 406 0 0
0 9 0 0 585 406 0 0
2 54 2 0 84 856 2 1
1 124 8 3 28 639 190 8
0 11 0 0 151 837 1 0
0 0 1 0 82 76 2 839
0 11 0 0 158 830 1 0
0 6 0 0 14 979 0 0
0 11 0 0 0 988 0 0
0 0 0 0 1000 0 0 0
0 2 0 0 350 649 0 0
0 6 0 0 1 992 0 0
0 1 0 0 3 995 1 0
0 3 0 0 455 540 3 0
1 128 2 0 18 799 52 0
0 2 0 0 7 986 5 0
4 0 0 0 339 3 0 654
128 93 99 0 8 653 17 3